dftrain shape head (7352, 562) 
          x0        x1        x2        x3        x4        x5        x6  \
0  0.288585 -0.020294 -0.132905 -0.995279 -0.983111 -0.913526 -0.995112   
1  0.278419 -0.016411 -0.123520 -0.998245 -0.975300 -0.960322 -0.998807   
2  0.279653 -0.019467 -0.113462 -0.995380 -0.967187 -0.978944 -0.996520   
3  0.279174 -0.026201 -0.123283 -0.996091 -0.983403 -0.990675 -0.997099   
4  0.276629 -0.016570 -0.115362 -0.998139 -0.980817 -0.990482 -0.998321   

         x7        x8        x9   ...         x552      x553      x554  \
0 -0.983185 -0.923527 -0.934724   ...    -0.298676 -0.710304 -0.112754   
1 -0.974914 -0.957686 -0.943068   ...    -0.595051 -0.861499  0.053477   
2 -0.963668 -0.977469 -0.938692   ...    -0.390748 -0.760104 -0.118559   
3 -0.982750 -0.989302 -0.938692   ...    -0.117290 -0.482845 -0.036788   
4 -0.979672 -0.990441 -0.942469   ...    -0.351471 -0.699205  0.123320   

       x555      x556      x557      x558      x559      x560  subject  
0  0.030400 -0.464761 -0.018446 -0.841247  0.179941 -0.058627        1  
1 -0.007435 -0.732626  0.703511 -0.844788  0.180289 -0.054317        1  
2  0.177899  0.100699  0.808529 -0.848933  0.180637 -0.049118        1  
3 -0.012892  0.640011 -0.485366 -0.848649  0.181935 -0.047663        1  
4  0.122542  0.693578 -0.615971 -0.847865  0.185151 -0.043892        1  

[5 rows x 562 columns]
dftest shape head (2947, 562) 
          x0        x1        x2        x3        x4        x5        x6  \
0  0.257178 -0.023285 -0.014654 -0.938404 -0.920091 -0.667683 -0.952501   
1  0.286027 -0.013163 -0.119083 -0.975415 -0.967458 -0.944958 -0.986799   
2  0.275485 -0.026050 -0.118152 -0.993819 -0.969926 -0.962748 -0.994403   
3  0.270298 -0.032614 -0.117520 -0.994743 -0.973268 -0.967091 -0.995274   
4  0.274833 -0.027848 -0.129527 -0.993852 -0.967445 -0.978295 -0.994111   

         x7        x8        x9   ...         x552      x553      x554  \
0 -0.925249 -0.674302 -0.894088   ...    -0.330370 -0.705974  0.006462   
1 -0.968401 -0.945823 -0.894088   ...    -0.121845 -0.594944 -0.083495   
2 -0.970735 -0.963483 -0.939260   ...    -0.190422 -0.640736 -0.034956   
3 -0.974471 -0.968897 -0.938610   ...    -0.344418 -0.736124 -0.017067   
4 -0.965953 -0.977346 -0.938610   ...    -0.534685 -0.846595 -0.002223   

       x555      x556      x557      x558      x559      x560  subject  
0  0.162920 -0.825886  0.271151 -0.720009  0.276801 -0.057978        2  
1  0.017500 -0.434375  0.920593 -0.698091  0.281343 -0.083898        2  
2  0.202302  0.064103  0.145068 -0.702771  0.280083 -0.079346        2  
3  0.154438  0.340134  0.296407 -0.698954  0.284114 -0.077108        2  
4 -0.040046  0.736715 -0.118545 -0.692245  0.290722 -0.073857        2  

[5 rows x 562 columns]
train subject set ( size 21 ) {1, 3, 5, 6, 7, 8, 11, 14, 15, 16, 17, 19, 21, 22, 23, 25, 26, 27, 28, 29, 30}
test subject set ( size 9 ) {2, 4, 9, 10, 12, 13, 18, 20, 24}
dfvalid shape head (2262, 562) 
             x0        x1        x2        x3        x4        x5        x6  \
3605  0.270713 -0.027077 -0.138842 -0.967419 -0.895151 -0.868173 -0.976268   
3606  0.271944 -0.045884 -0.126173 -0.991223 -0.950523 -0.914417 -0.991981   
3607  0.284444 -0.028633 -0.171367 -0.986774 -0.942196 -0.939259 -0.989741   
3608  0.280578 -0.015261 -0.124141 -0.986764 -0.933964 -0.896328 -0.989916   
3609  0.273383 -0.013485 -0.087365 -0.992924 -0.961941 -0.945509 -0.994036   

            x7        x8        x9   ...         x552      x553      x554  \
3605 -0.890496 -0.868398 -0.886681   ...     0.646312  0.458445  0.094082   
3606 -0.951913 -0.912103 -0.933531   ...    -0.564189 -0.859555 -0.054754   
3607 -0.949371 -0.933053 -0.912860   ...    -0.568051 -0.844611 -0.008049   
3608 -0.938190 -0.888280 -0.912860   ...    -0.019261 -0.308833  0.020519   
3609 -0.966201 -0.945032 -0.934487   ...     0.009623 -0.423663  0.070029   

          x555      x556      x557      x558      x559      x560  subject  
3605  0.176280 -0.254767 -0.152499 -0.740232  0.251008 -0.078908       19  
3606 -0.045060  0.104774  0.623993 -0.740893  0.254909 -0.071021       19  
3607 -0.083601  0.139678  0.350044 -0.730800  0.266245 -0.063743       19  
3608  0.023891 -0.151682 -0.728584 -0.732082  0.271724 -0.047999       19  
3609  0.329346  0.262821 -0.752539 -0.736016  0.270209 -0.044141       19  

[5 rows x 562 columns]
dfvalid_y shape head (2262, 2) 
       Y  activity
3605  5  STANDING
3606  5  STANDING
3607  5  STANDING
3608  5  STANDING
3609  5  STANDING
dftest shape head (1848, 562) 
          x0        x1        x2        x3        x4        x5        x6  \
0  0.257178 -0.023285 -0.014654 -0.938404 -0.920091 -0.667683 -0.952501   
1  0.286027 -0.013163 -0.119083 -0.975415 -0.967458 -0.944958 -0.986799   
2  0.275485 -0.026050 -0.118152 -0.993819 -0.969926 -0.962748 -0.994403   
3  0.270298 -0.032614 -0.117520 -0.994743 -0.973268 -0.967091 -0.995274   
4  0.274833 -0.027848 -0.129527 -0.993852 -0.967445 -0.978295 -0.994111   

         x7        x8        x9   ...         x552      x553      x554  \
0 -0.925249 -0.674302 -0.894088   ...    -0.330370 -0.705974  0.006462   
1 -0.968401 -0.945823 -0.894088   ...    -0.121845 -0.594944 -0.083495   
2 -0.970735 -0.963483 -0.939260   ...    -0.190422 -0.640736 -0.034956   
3 -0.974471 -0.968897 -0.938610   ...    -0.344418 -0.736124 -0.017067   
4 -0.965953 -0.977346 -0.938610   ...    -0.534685 -0.846595 -0.002223   

       x555      x556      x557      x558      x559      x560  subject  
0  0.162920 -0.825886  0.271151 -0.720009  0.276801 -0.057978        2  
1  0.017500 -0.434375  0.920593 -0.698091  0.281343 -0.083898        2  
2  0.202302  0.064103  0.145068 -0.702771  0.280083 -0.079346        2  
3  0.154438  0.340134  0.296407 -0.698954  0.284114 -0.077108        2  
4 -0.040046  0.736715 -0.118545 -0.692245  0.290722 -0.073857        2  

[5 rows x 562 columns]
dftest_y shape head (1848, 2) 
    Y  activity
0  5  STANDING
1  5  STANDING
2  5  STANDING
3  5  STANDING
4  5  STANDING
dftrain shape head (1485, 562) 
             x0        x1        x2        x3        x4        x5        x6  \
5867  0.278791 -0.032477 -0.145829 -0.993050 -0.938822 -0.928840 -0.993505   
5868  0.275709 -0.017983 -0.102424 -0.995569 -0.981350 -0.978256 -0.995906   
5869  0.277683 -0.021163 -0.107035 -0.995089 -0.982616 -0.985356 -0.996059   
5870  0.277301 -0.015994 -0.098619 -0.994266 -0.978326 -0.976918 -0.995092   
5871  0.279601 -0.013969 -0.090564 -0.995235 -0.987974 -0.989725 -0.995816   

            x7        x8        x9   ...         x552      x553      x554  \
5867 -0.935597 -0.916592 -0.937860   ...    -0.807955 -0.939560 -0.051193   
5868 -0.981642 -0.981780 -0.942066   ...    -0.586514 -0.844675  0.099949   
5869 -0.983539 -0.985157 -0.934012   ...    -0.480027 -0.818973 -0.108542   
5870 -0.978368 -0.975008 -0.934012   ...    -0.480123 -0.753174  0.033209   
5871 -0.988687 -0.989033 -0.940833   ...    -0.721772 -0.921732 -0.013611   

          x555      x556      x557      x558      x559      x560  subject  
5867  0.102632  0.066183  0.944358 -0.838642  0.209054  0.005301       27  
5868 -0.033375  0.629909  0.409820 -0.830250  0.215456  0.014507       27  
5869  0.221648  0.784523 -0.281809 -0.829194  0.216168  0.013870       27  
5870  0.391622  0.878145 -0.952204 -0.827296  0.217438  0.012735       27  
5871 -0.501153  0.860905 -0.182502 -0.827697  0.217023  0.009989       27  

[5 rows x 562 columns]
dftrain_y shape head (1485, 2) 
       Y  activity
5867  5  STANDING
5868  5  STANDING
5869  5  STANDING
5870  5  STANDING
5871  5  STANDING
Validation n=50
test score: 0.787798408488
oob score 0.990572390572
test predict True 78.780 percent, 1782 out of 2262
test predict False 21.220 percent, 480 out of 2262
test predict probabilities head:
 [[ 0.    0.    0.    0.32  0.58  0.1 ]
 [ 0.    0.    0.    0.48  0.52  0.  ]
 [ 0.    0.    0.    0.44  0.5   0.06]
 [ 0.    0.    0.    0.24  0.72  0.04]
 [ 0.    0.    0.    0.18  0.8   0.02]]
cross table:
 predicted    1    2    3    4    5    6
actual                                 
1          257   19   65    0    1    0
2           14  248   38    0    0    0
3            1   32  249    0    0    0
4            0    0    0  322   87   22
5            0    0    0  201  240    0
6            0    0    0    0    0  466
precision [ 0.94485294  0.82943144  0.70738636  0.61567878  0.73170732  0.95491803] 
recall [ 0.75146199  0.82666667  0.88297872  0.74709977  0.54421769  1.        ] 
fbeta [ 0.83713355  0.82804674  0.78548896  0.67505241  0.62418726  0.9769392 ] 
support [342 300 282 431 441 466]
n=50 fit: top ten important columns:
 [(0.055062266520092884, 'x56'), (0.029503313845969915, 'x58'), (0.026426838829764248, 'x49'), (0.023721358412965063, 'x41'), (0.022901499732020877, 'x52'), (0.020189201962332839, 'x40'), (0.018463033110523334, 'x57'), (0.018228632529737557, 'x50'), (0.018100538650404677, 'x559'), (0.016853481961458493, 'x42')]
Validation n=50
test score: 0.778514588859
oob score 0.991245791246
test predict True 77.851 percent, 1761 out of 2262
test predict False 22.149 percent, 501 out of 2262
test predict probabilities head:
 [[ 0.    0.    0.    0.26  0.7   0.04]
 [ 0.    0.    0.    0.48  0.52  0.  ]
 [ 0.    0.    0.    0.44  0.56  0.  ]
 [ 0.    0.    0.    0.18  0.82  0.  ]
 [ 0.    0.    0.    0.12  0.88  0.  ]]
cross table:
 predicted    1    2    3    4    5    6
actual                                 
1          233   17   89    0    3    0
2            7  232   61    0    0    0
3            5   33  244    0    0    0
4            0    0    0  339   77   15
5            0    0    0  194  247    0
6            0    0    0    0    0  466
precision [ 0.95102041  0.82269504  0.61928934  0.63602251  0.75535168  0.96881497] 
recall [ 0.68128655  0.77333333  0.86524823  0.78654292  0.5600907   1.        ] 
fbeta [ 0.79386712  0.79725086  0.72189349  0.7033195   0.64322917  0.98416051] 
support [342 300 282 431 441 466]
n=50 fit: top ten important columns:
 [(0.052559497884521661, 'x52'), (0.030434503137132612, 'x40'), (0.027432874849738713, 'x54'), (0.026167387365560818, 'x558'), (0.02440803582366469, 'x50'), (0.023769984890079497, 'x49'), (0.022481619377998724, 'x53'), (0.020550788159918464, 'x74'), (0.018833045884406614, 'x58'), (0.018548576226615713, 'x56')]
Validation n=50
test score: 0.775862068966
oob score 0.991245791246
test predict True 77.586 percent, 1755 out of 2262
test predict False 22.414 percent, 507 out of 2262
test predict probabilities head:
 [[ 0.    0.    0.    0.2   0.74  0.06]
 [ 0.    0.    0.    0.62  0.36  0.02]
 [ 0.    0.    0.    0.52  0.46  0.02]
 [ 0.    0.    0.    0.38  0.62  0.  ]
 [ 0.    0.    0.    0.2   0.78  0.02]]
cross table:
 predicted    1    2    3    4    5    6
actual                                 
1          253   18   70    0    1    0
2           32  215   53    0    0    0
3            4   34  244    0    0    0
4            0    0    0  331   85   15
5            0    0    0  195  246    0
6            0    0    0    0    0  466
precision [ 0.87543253  0.80524345  0.66485014  0.62927757  0.74096386  0.96881497] 
recall [ 0.73976608  0.71666667  0.86524823  0.76798144  0.55782313  1.        ] 
fbeta [ 0.80190174  0.75837743  0.75192604  0.69174504  0.63648124  0.98416051] 
support [342 300 282 431 441 466]
n=50 fit: top ten important columns:
 [(0.040717524130214927, 'x40'), (0.038312664057872932, 'x52'), (0.034359893527438665, 'x558'), (0.032677205678521032, 'x49'), (0.028988985284206556, 'x56'), (0.018262025421179932, 'x58'), (0.018149828905908442, 'x41'), (0.017680575067548884, 'x560'), (0.017654245382031024, 'x51'), (0.017543848125928501, 'x54')]
Validation n=50
test score: 0.787356321839
oob score 0.987205387205
test predict True 78.736 percent, 1781 out of 2262
test predict False 21.264 percent, 481 out of 2262
test predict probabilities head:
 [[ 0.    0.    0.    0.32  0.64  0.04]
 [ 0.    0.    0.    0.62  0.38  0.  ]
 [ 0.    0.    0.    0.52  0.46  0.02]
 [ 0.    0.    0.    0.46  0.54  0.  ]
 [ 0.    0.    0.    0.22  0.78  0.  ]]
cross table:
 predicted    1    2    3    4    5    6
actual                                 
1          237   28   77    0    0    0
2            4  263   33    0    0    0
3            2   31  249    0    0    0
4            0    0    0  330   86   15
5            0    0    0  205  236    0
6            0    0    0    0    0  466
precision [ 0.97530864  0.81677019  0.69359331  0.61682243  0.73291925  0.96881497] 
recall [ 0.69298246  0.87666667  0.88297872  0.76566125  0.53514739  1.        ] 
fbeta [ 0.81025641  0.84565916  0.77691108  0.68322981  0.61861075  0.98416051] 
support [342 300 282 431 441 466]
n=50 fit: top ten important columns:
 [(0.056601138413538574, 'x49'), (0.031138305811921074, 'x56'), (0.029064433000621216, 'x41'), (0.027494100934207615, 'x559'), (0.023231092522209621, 'x52'), (0.022737691315512155, 'x58'), (0.022612296053442501, 'x558'), (0.020037696543665086, 'x54'), (0.016205776827014393, 'x37'), (0.015699744998046591, 'x98')]
Validation n=50
test score: 0.783377541998
oob score 0.989225589226
test predict True 78.338 percent, 1772 out of 2262
test predict False 21.662 percent, 490 out of 2262
test predict probabilities head:
 [[ 0.    0.    0.    0.26  0.68  0.06]
 [ 0.    0.    0.    0.5   0.46  0.04]
 [ 0.    0.    0.    0.42  0.56  0.02]
 [ 0.    0.    0.    0.26  0.74  0.  ]
 [ 0.    0.    0.    0.26  0.74  0.  ]]
cross table:
 predicted    1    2    3    4    5    6
actual                                 
1          262   11   68    0    1    0
2           10  238   52    0    0    0
3            6   31  245    0    0    0
4            0    0    0  313   86   32
5            0    0    0  193  248    0
6            0    0    0    0    0  466
precision [ 0.94244604  0.85        0.67123288  0.61857708  0.74029851  0.93574297] 
recall [ 0.76608187  0.79333333  0.86879433  0.7262181   0.56235828  1.        ] 
fbeta [ 0.84516129  0.82068966  0.75734158  0.66808965  0.63917526  0.96680498] 
support [342 300 282 431 441 466]
n=50 fit: top ten important columns:
 [(0.032427160626983705, 'x559'), (0.030686264568086409, 'x54'), (0.03054568714146158, 'x58'), (0.029943227299890508, 'x42'), (0.025970409277270127, 'x52'), (0.023386811740428178, 'x558'), (0.022115174678428356, 'x50'), (0.020592142184045526, 'x56'), (0.020492011764916978, 'x40'), (0.020174723119165884, 'x41')]
Valid scores mean, std 0.78258178603 0.00474002657955
Valid oobs mean, std 0.989898989899 0.00153558979811

CV scores: [ 0.96514745  0.87061995  0.92722372  0.98648649]
CV scores mean, std 0.937369401334 0.0439958317466
Fitting 5 folds for each of 9 candidates, totalling 45 fits
gs score 0.8209 (1517 of 1848)
gs grid scores
 [mean: 0.93603, std: 0.05537, params: {'n_estimators': 50, 'max_features': None}, mean: 0.93468, std: 0.05327, params: {'n_estimators': 100, 'max_features': None}, mean: 0.94007, std: 0.05486, params: {'n_estimators': 200, 'max_features': None}, mean: 0.96027, std: 0.04471, params: {'n_estimators': 50, 'max_features': 'sqrt'}, mean: 0.96296, std: 0.04564, params: {'n_estimators': 100, 'max_features': 'sqrt'}, mean: 0.96431, std: 0.04325, params: {'n_estimators': 200, 'max_features': 'sqrt'}, mean: 0.95556, std: 0.02474, params: {'n_estimators': 50, 'max_features': 'log2'}, mean: 0.95825, std: 0.02599, params: {'n_estimators': 100, 'max_features': 'log2'}, mean: 0.95488, std: 0.02643, params: {'n_estimators': 200, 'max_features': 'log2'}]
gs best score 0.9643 {'n_estimators': 200, 'max_features': 'sqrt'}
RandomForestClassifier(bootstrap=True, class_weight=None, criterion='gini',
            max_depth=None, max_features='sqrt', max_leaf_nodes=None,
            min_samples_leaf=1, min_samples_split=2,
            min_weight_fraction_leaf=0.0, n_estimators=200, n_jobs=1,
            oob_score=True, random_state=None, verbose=0, warm_start=False)

classification report
             precision    recall  f1-score   support

          1       0.90      0.86      0.88       331
          2       0.94      0.91      0.92       303
          3       0.86      0.93      0.89       265
          4       0.61      0.55      0.58       300
          5       0.61      0.67      0.64       317
          6       1.00      1.00      1.00       332

avg / total       0.82      0.82      0.82      1848

Test optimum
test score: 0.840367965368
oob score 0.992592592593
test predict True 84.037 percent, 1553 out of 1848
test predict False 15.963 percent, 295 out of 1848
test predict probabilities head:
 [[ 0.     0.     0.     0.48   0.47   0.05 ]
 [ 0.     0.     0.     0.61   0.28   0.11 ]
 [ 0.     0.     0.     0.775  0.19   0.035]
 [ 0.     0.     0.     0.695  0.26   0.045]
 [ 0.     0.     0.     0.705  0.27   0.025]]
cross table:
 predicted    1    2    3    4    5    6
actual                                 
1          307    1   23    0    0    0
2           14  281    8    0    0    0
3           17    0  248    0    0    0
4            0    1    0  166  133    0
5            0    0    0   98  219    0
6            0    0    0    0    0  332
precision [ 0.90828402  0.99293286  0.88888889  0.62878788  0.62215909  1.        ] 
recall [ 0.92749245  0.92739274  0.93584906  0.55333333  0.69085174  1.        ] 
fbeta [ 0.91778774  0.95904437  0.91176471  0.58865248  0.65470852  1.        ] 
support [331 303 265 300 317 332]
opt fit: top ten important columns:
 [(0.034777573935241848, 'x40'), (0.031480634136440033, 'x56'), (0.030589455795442474, 'x49'), (0.030316433064643707, 'x558'), (0.029423685839217319, 'x52'), (0.022961537510360432, 'x58'), (0.014992402087255356, 'x57'), (0.0143791609854179, 'x559'), (0.014307200045617228, 'x53'), (0.014030959774056323, 'x51')]
Test optimum
test score: 0.823051948052
oob score 0.992592592593
test predict True 82.305 percent, 1521 out of 1848
test predict False 17.695 percent, 327 out of 1848
test predict probabilities head:
 [[ 0.005  0.     0.     0.425  0.46   0.11 ]
 [ 0.     0.     0.     0.67   0.24   0.09 ]
 [ 0.     0.     0.     0.765  0.2    0.035]
 [ 0.     0.     0.     0.735  0.225  0.04 ]
 [ 0.     0.     0.     0.74   0.245  0.015]]
cross table:
 predicted    1    2    3    4    5    6
actual                                 
1          292   15   24    0    0    0
2           18  277    8    0    0    0
3           14    0  251    0    0    0
4            0    1    0  166  133    0
5            0    1    0  113  203    0
6            0    0    0    0    0  332
precision [ 0.90123457  0.94217687  0.8869258   0.59498208  0.60416667  1.        ] 
recall [ 0.88217523  0.91419142  0.94716981  0.55333333  0.64037855  1.        ] 
fbeta [ 0.89160305  0.9279732   0.91605839  0.57340242  0.62174579  1.        ] 
support [331 303 265 300 317 332]
opt fit: top ten important columns:
 [(0.033960710967740206, 'x40'), (0.031530525456935188, 'x58'), (0.029736196406880491, 'x52'), (0.029348957895890426, 'x56'), (0.0290180469351945, 'x49'), (0.020273223999245679, 'x558'), (0.020261302858853972, 'x51'), (0.020207679079651059, 'x50'), (0.018955052260230473, 'x54'), (0.018126090984759959, 'x53')]
Test optimum
test score: 0.823051948052
oob score 0.991245791246
test predict True 82.305 percent, 1521 out of 1848
test predict False 17.695 percent, 327 out of 1848
test predict probabilities head:
 [[ 0.005  0.     0.     0.445  0.46   0.09 ]
 [ 0.     0.     0.     0.72   0.22   0.06 ]
 [ 0.     0.     0.     0.7    0.25   0.05 ]
 [ 0.     0.     0.     0.73   0.225  0.045]
 [ 0.     0.     0.     0.725  0.25   0.025]]
cross table:
 predicted    1    2    3    4    5    6
actual                                 
1          302    5   24    0    0    0
2           19  274   10    0    0    0
3           15    1  249    0    0    0
4            0    1    0  166  133    0
5            0    1    0  118  198    0
6            0    0    0    0    0  332
precision [ 0.89880952  0.97163121  0.87985866  0.58450704  0.59818731  1.        ] 
recall [ 0.91238671  0.90429043  0.93962264  0.55333333  0.62460568  1.        ] 
fbeta [ 0.90554723  0.93675214  0.90875912  0.56849315  0.61111111  1.        ] 
support [331 303 265 300 317 332]
opt fit: top ten important columns:
 [(0.033403714224673128, 'x58'), (0.033121347233186722, 'x52'), (0.031471325558868696, 'x40'), (0.031386801130629569, 'x558'), (0.023884068358101342, 'x49'), (0.023792859198565379, 'x51'), (0.023289345202295156, 'x56'), (0.018255543321556659, 'x50'), (0.016989944369362412, 'x559'), (0.01599801071894643, 'x41')]
Test optimum
test score: 0.823593073593
oob score 0.991919191919
test predict True 82.359 percent, 1522 out of 1848
test predict False 17.641 percent, 326 out of 1848
test predict probabilities head:
 [[ 0.     0.     0.     0.405  0.475  0.12 ]
 [ 0.     0.     0.     0.655  0.25   0.095]
 [ 0.     0.     0.     0.77   0.2    0.03 ]
 [ 0.     0.     0.     0.705  0.26   0.035]
 [ 0.     0.     0.     0.705  0.245  0.05 ]]
cross table:
 predicted    1    2    3    4    5    6
actual                                 
1          302    3   26    0    0    0
2           20  273   10    0    0    0
3           17    0  248    0    0    0
4            0    1    0  169  130    0
5            0    1    0  118  198    0
6            0    0    0    0    0  332
precision [ 0.89085546  0.98201439  0.87323944  0.58885017  0.60365854  1.        ] 
recall [ 0.91238671  0.9009901   0.93584906  0.56333333  0.62460568  1.        ] 
fbeta [ 0.90149254  0.93975904  0.90346084  0.5758092   0.61395349  1.        ] 
support [331 303 265 300 317 332]
opt fit: top ten important columns:
 [(0.029437486231098334, 'x56'), (0.029432684898328402, 'x52'), (0.028847838486141138, 'x49'), (0.028597898364305322, 'x58'), (0.027966230156508499, 'x40'), (0.024614279858176907, 'x558'), (0.018938693263208545, 'x51'), (0.018912050753014605, 'x42'), (0.018486238646158844, 'x53'), (0.015554804350159051, 'x560')]
Test optimum
test score: 0.831168831169
oob score 0.991919191919
test predict True 83.117 percent, 1536 out of 1848
test predict False 16.883 percent, 312 out of 1848
test predict probabilities head:
 [[ 0.     0.     0.     0.425  0.495  0.08 ]
 [ 0.     0.     0.     0.64   0.245  0.115]
 [ 0.     0.     0.     0.805  0.165  0.03 ]
 [ 0.     0.     0.     0.81   0.155  0.035]
 [ 0.     0.     0.     0.815  0.155  0.03 ]]
cross table:
 predicted    1    2    3    4    5    6
actual                                 
1          304    6   21    0    0    0
2           16  279    8    0    0    0
3           14    0  251    0    0    0
4            0    2    0  166  132    0
5            0    1    0  112  204    0
6            0    0    0    0    0  332
precision [ 0.91017964  0.96875     0.89642857  0.5971223   0.60714286  1.        ] 
recall [ 0.918429    0.92079208  0.94716981  0.55333333  0.64353312  1.        ] 
fbeta [ 0.91428571  0.94416244  0.92110092  0.57439446  0.62480858  1.        ] 
support [331 303 265 300 317 332]
opt fit: top ten important columns:
 [(0.033668750288859073, 'x558'), (0.033585662495050447, 'x52'), (0.031654039692353579, 'x40'), (0.028071614189209004, 'x58'), (0.025672263935254836, 'x49'), (0.023503104900439439, 'x56'), (0.021157363027774032, 'x41'), (0.019980371440115188, 'x51'), (0.019946419859102806, 'x50'), (0.01683008755096934, 'x559')]
Test scores mean, std 0.828246753247 0.0067983977379
Test oobs mean, std 0.992053872054 0.000503926920778
Top ten importances of last opt fit, by original name:
 ['angle_X_gravityMean', 'tGravityAcc_min_X', 'tGravityAcc_Mean_X', 'tGravityAcc_energy_Z', 'tGravityAcc_max_X', 'tGravityAcc_energy_X', 'tGravityAcc_Mean_Y', 'tGravityAcc_max_Z', 'tGravityAcc_max_Y', 'angle_Y_gravityMean']
[Parallel(n_jobs=-1)]: Done  45 out of  45 | elapsed:  3.4min finished

